868183032482742
868183032363215
868183032485281
868183032388899
868183032485364
868183032372554
868183032385887
868183032362548
868183032512324
868183032388923
868183032485695
868183032497203
868183032280484
868183032482205
868183032385176
868183032280450
868183032355781
868183032391356
868183032482197
868183032363181
868183032365962
868183032279114
868183032485489
868183032366804
868183032363835
868183032384419
868183032485323
868183032385192
868183032411162
868183032391448
868183032349685
868183032363736
868183032486370
868183032485414
868183032385226
868183032279171
868183032482189
868183032349628
868183032349644
868183032385143
868183032547122
868183032391489
868183032495645
868183032279148
868183032385770
868183032366614
868183032365988
868183032485190
868183032484870
868183032367075
868183032388964
868183032385267
868183032385739
868183032362191
868183032363330
868183032363207
868183032366895
868183032365996
868183032485539
broken
868183032366085
868183032363710
868183032385879
868183032485521
868183032367141
868183032389020
868183032482650
868183032485497
868183032363769
868183032389053
868183032384880
868183032482155
868183032485877
868183032349651
868183032478534
868183032485299
868183032411139
868183032485273
868183032411188
868183032363884
868183032482122
868183032363876
868183032363132
868183032391232
868183032367182
868183032366028
868183032482627
868183032385218
868183032478559
868183032391505
868183032362571
868183032482171
868183032391463
868183032391455
868183032362134
